1 2.59784 6.103252
2 2.64520 6.009838
3 2.66802 5.946671
4 2.65957 5.9725
5 2.67902 5.939096
6 2.66982 5.947766
7 2.63746 6.027163
8 2.62084 6.062157
9 2.66582 5.964343
10 2.66210 5.963318
11 2.67422 5.948384
12 2.60655 6.090899
13 2.66218 5.969667
14 2.65615 5.972921
15 2.66705 5.955583
16 2.59077 6.146019
17 2.65288 5.98296
18 2.64499 6.010364
19 2.65041 5.995992
20 2.65573 5.989073
21 2.64900 5.991759
22 2.65771 5.984032
23 2.64930 5.998113
24 2.58530 6.145203
25 2.59993 6.11561
26 2.64532 6.00521
27 2.63945 6.016817
28 2.63824 6.026953
29 2.63181 6.034337
30 2.59688 6.119564
31 2.63887 6.027676
32 2.63045 6.043842
33 2.62931 6.044661
34 2.63204 6.037223
35 2.61210 6.081148
36 2.62877 6.050231
37 2.62225 6.056055
