1.015 2.94532 5.38532
2.025 2.33341 6.82532
3.025 2.21028 7.20438
4.031 2.21256 7.21259
5.032 2.21094 7.20669
6.036 2.13443 7.47206
7.038 2.17832 7.31749
8.048 2.15580 7.38868
9.053 2.18283 7.29079
10.061 2.18181 7.30935
11.067 2.15822 7.38619
12.068 2.16648 7.36618
13.072 2.17947 7.31402
14.072 2.16609 7.36413
15.078 2.15948 7.37197
16.081 2.17263 7.34971
17.090 2.17730 7.31346
18.104 2.16103 7.37295
19.104 2.18024 7.30241
20.110 2.12705 7.50253
21.111 2.18701 7.27177
22.120 2.16433 7.37453
23.123 2.17287 7.33365
24.129 2.17205 7.33976
25.131 2.15945 7.38495
26.138 2.16686 7.344
27.145 2.16739 7.35365
28.145 2.16297 7.36934
29.151 2.14646 7.43489
30.166 2.16251 7.37051
31.170 2.16577 7.35812
32.174 2.13635 7.46221
33.179 2.10643 7.56899
34.183 2.08147 7.65484
35.186 2.16113 7.36923
36.186 2.14277 7.4531
37.190 2.11441 7.52445
38.195 2.12546 7.50217
39.196 2.12630 7.50373
40.216 2.11562 7.53526
41.223 2.16418 7.36531
42.229 2.14253 7.43201
43.237 2.15916 7.3753
44.241 2.12200 7.5301
45.243 2.05037 7.75962
46.247 2.14541 7.43894
47.254 2.14513 7.43025
48.256 2.15461 7.39642
49.259 2.13249 7.47253
50.282 2.12219 7.50777
51.284 2.11933 7.52811
52.285 2.10750 7.57306
53.287 2.13034 7.47227
54.294 2.14424 7.43697
55.295 2.14560 7.42993
56.302 2.10546 7.57785
57.318 2.09126 7.56535
58.322 2.12421 7.55465
59.328 2.14325 7.42076


1.002 4.01936 3.932461
2.005 3.93035 4.0359
3.007 3.94865 4.01384
4.007 3.95086 4.011766
5.008 3.95566 4.009172
6.008 3.95346 4.00983
7.011 3.95484 4.00805
8.011 3.88760 4.076708
9.011 3.94531 4.020926
10.013 3.93147 4.029178
11.017 3.92800 4.03763
12.018 3.93180 4.030688
13.021 3.93129 4.030252
14.024 3.92198 4.044294
15.025 3.90353 4.058082
16.028 3.91237 4.054042
17.028 3.86454 4.093676
18.030 3.91116 4.051779
19.031 3.91590 4.05054
20.032 3.91124 4.051652
21.032 3.90654 4.056157
22.033 3.91341 4.048788
23.034 3.91323 4.05015
24.034 3.90838 4.055152
25.035 3.91230 4.055069
26.035 3.89686 4.063769
27.037 3.84152 4.127183
28.040 3.90894 4.055718
29.042 3.90564 4.060846
30.045 3.72067 4.260993
31.045 3.90674 4.058943
32.048 3.84570 4.121544
33.048 3.89666 4.067717
34.052 3.83459 4.13594
35.054 3.89321 4.072036
36.054 3.89802 4.064197
37.055 3.90107 4.064786
38.059 3.89689 4.068159
39.059 3.89883 4.063353
40.063 3.90063 4.063687
41.064 3.89816 4.067793
42.065 3.86603 4.101324
43.068 3.89262 4.07202
44.069 3.89162 4.072207
45.069 3.83877 4.134075
46.071 3.88901 4.070485
47.071 3.89564 4.072096
48.073 3.89522 4.068427
49.076 3.89224 4.070998
50.076 3.89149 4.07725
51.078 3.88816 4.074138
52.080 3.88905 4.07894
53.084 3.89208 4.070713
54.085 3.89785 4.069677
55.085 3.82708 4.141636
56.087 3.89611 4.069025
57.088 3.88780 4.079146
58.090 3.88894 4.074839
59.094 3.83813 4.129434
